520 176 574 230 548 34 620 106 458 29 589 160 
247 160 371 284 212 66 480 334 
315 48 370 103 113 243 178 308 152 248 204 300 270 45 332 107 91 62 226 197 66 237 150 321 
219 43 285 109 328 150 394 216 314 306 380 372 284 21 396 133 61 16 189 144 
432 397 487 452 
434 164 537 267 

264 270 344 350 262 194 385 317 

259 78 408 227 146 420 206 480 158 450 232 524 119 516 187 584 190 86 452 348 
560 310 625 375 39 197 120 278 
170 98 238 166 
144 46 210 112 168 147 256 235 156 183 236 263 134 98 231 195 128 54 236 162 
54 82 111 139 319 146 384 211 54 32 182 160 252 90 486 324 
1005 321 1068 384 136 323 207 394 199 319 274 394 835 343 888 396 588 394 654 460 379 323 458 402 967 304 1055 392 
203 107 259 163 35 232 93 290 176 72 265 161 165 61 287 183 
