458 29 589 160 0 10 298 308 
247 160 371 284 212 66 480 334 
91 62 226 197 14 52 316 354 
328 150 394 216 
244 135 356 247 99 64 343 308 174 96 523 445 
434 164 537 267 
70 90 150 170 276 97 432 253 
262 194 385 317 
868 230 956 318 49 259 136 346 53 211 163 321 
259 78 408 227 190 86 452 348 
114 116 176 178 446 56 556 166 36 111 163 238 501 167 664 330 496 84 684 272 23 45 238 260 
170 98 238 166 156 51 252 147 144 94 279 229 322 50 478 206 
168 147 256 235 134 98 231 195 128 54 236 162 
319 146 384 211 252 90 486 324 
136 323 207 394 86 46 353 313 942 49 1166 273 155 351 362 558 
203 107 259 163 176 72 265 161 165 61 287 183 
