520 176 574 230 519 280 573 334 516 221 589 294 530 307 589 366 548 34 620 106 458 29 589 160 477 112 565 200 516 250 632 366 0 10 298 308 
247 160 371 284 201 8 279 86 251 3 348 100 212 66 480 334 
315 48 370 103 113 243 178 308 152 248 204 300 270 45 332 107 91 62 226 197 66 237 150 321 14 52 316 354 
219 43 285 109 328 150 394 216 136 164 193 221 389 53 452 116 314 306 380 372 284 21 396 133 282 227 398 343 61 16 189 144 203 20 349 166 
244 135 356 247 432 397 487 452 530 478 584 532 328 486 385 543 617 124 694 201 449 402 516 469 120 124 226 230 221 16 350 145 99 64 343 308 174 96 523 445 
284 64 341 121 731 103 796 168 358 104 421 167 710 110 786 186 434 164 537 267 371 371 466 466 618 300 797 479 
353 322 405 374 70 90 150 170 223 89 313 179 276 97 432 253 
484 94 536 146 474 121 534 181 463 171 515 223 475 186 531 242 474 213 529 268 484 232 538 286 489 259 543 313 231 409 283 461 190 479 258 547 208 575 265 632 451 117 514 180 606 520 672 586 264 270 344 350 262 194 385 317 213 94 336 217 314 469 430 585 12 332 275 595 
911 195 972 256 868 230 956 318 479 283 536 340 224 548 278 602 270 662 322 714 252 694 304 746 283 700 335 752 268 718 320 770 197 630 254 687 283 543 352 612 212 709 275 772 49 259 136 346 325 380 447 502 425 28 530 133 53 211 163 321 647 274 759 386 37 510 143 616 26 356 158 488 464 634 592 762 24 592 166 734 610 95 790 275 
259 78 408 227 146 420 206 480 42 438 102 498 158 450 232 524 354 480 443 569 125 246 191 312 119 516 187 584 155 261 239 345 190 86 452 348 
114 116 176 178 898 172 952 226 560 310 625 375 82 340 165 423 580 423 632 475 198 469 250 521 615 594 671 650 245 644 297 696 838 656 892 710 860 666 914 720 253 661 305 713 940 672 992 724 644 671 698 725 87 550 144 607 910 134 973 197 102 539 171 608 742 628 805 691 769 644 835 710 39 197 120 278 575 102 670 197 446 56 556 166 82 310 188 416 36 111 163 238 501 167 664 330 496 84 684 272 23 45 238 260 
170 98 238 166 156 51 252 147 144 94 279 229 322 50 478 206 
144 46 210 112 168 147 256 235 156 183 236 263 134 98 231 195 128 54 236 162 
54 82 111 139 319 146 384 211 461 132 529 200 515 309 599 393 54 32 182 160 138 142 308 312 236 5 410 179 252 90 486 324 
481 67 535 121 476 256 533 313 895 264 955 324 1060 316 1128 384 1005 321 1068 384 136 323 207 394 199 319 274 394 835 343 888 396 1156 441 1215 500 382 469 443 530 61 496 113 548 72 543 128 599 32 564 86 618 570 599 628 657 16 457 94 535 1153 463 1212 522 1108 536 1171 599 672 552 732 612 441 36 510 105 588 394 654 460 379 323 458 402 913 542 982 611 1112 446 1193 527 967 304 1055 392 1120 514 1221 615 86 46 353 313 942 49 1166 273 309 311 472 474 88 448 286 646 155 351 362 558 460 41 731 312 
203 107 259 163 153 188 207 242 35 232 93 290 348 232 422 306 176 72 265 161 405 412 489 496 165 61 287 183 150 184 285 319 
